image: map.pgm
resolution: 0.500000
origin: [-16.500000, -32.500000, 0.000000]
negate: 0
occupied_thresh: 0.65
free_thresh: 0.196

